 "Time [h]","dt_tran [h]","Global Tracer [mol]","Global H+ [mol]","Global Na+ [mol]","Global Cl- [mol]","Global NO3- [mol]"
  1.00000000E-06  1.00000000E-06  5.00000010E-02  5.96765895E-05  5.00990000E-03  5.00990000E-03  1.48999984E-05
  2.00000000E-06  1.00000000E-06  5.00000010E-02  5.96765848E-05  5.00990000E-03  5.00990000E-03  1.48999968E-05
  3.00000000E-06  1.00000000E-06  5.00000010E-02  5.96765802E-05  5.00990000E-03  5.00989999E-03  1.48999952E-05
  4.00000000E-06  1.00000000E-06  5.00000010E-02  5.96765755E-05  5.00990000E-03  5.00989999E-03  1.48999936E-05
  5.00000000E-06  1.00000000E-06  5.00000011E-02  5.96765709E-05  5.00990001E-03  5.00989999E-03  1.48999920E-05
  6.00000000E-06  1.00000000E-06  5.00000011E-02  5.96765663E-05  5.00990001E-03  5.00989999E-03  1.48999904E-05
  7.00000000E-06  1.00000000E-06  5.00000011E-02  5.96765618E-05  5.00990001E-03  5.00989999E-03  1.48999888E-05
  8.00000000E-06  1.00000000E-06  5.00000011E-02  5.96765572E-05  5.00990001E-03  5.00989999E-03  1.48999873E-05
  9.00000000E-06  1.00000000E-06  5.00000011E-02  5.96765527E-05  5.00990001E-03  5.00989998E-03  1.48999857E-05
  1.00000000E-05  1.00000000E-06  5.00000011E-02  5.96765481E-05  5.00990001E-03  5.00989998E-03  1.48999841E-05
  2.00000000E-05  1.00000000E-06  5.00000013E-02  5.96765038E-05  5.00990002E-03  5.00989996E-03  1.48999686E-05
  3.00000000E-05  5.00000000E-07  5.00000014E-02  5.96764612E-05  5.00990003E-03  5.00989995E-03  1.48999533E-05
  4.00000000E-05  1.00000000E-06  5.00000015E-02  5.96764202E-05  5.00990005E-03  5.00989993E-03  1.48999384E-05
  5.00000000E-05  1.00000000E-06  5.00000016E-02  5.96763808E-05  5.00990006E-03  5.00989992E-03  1.48999237E-05
  6.00000000E-05  1.00000000E-06  5.00000018E-02  5.96763428E-05  5.00990007E-03  5.00989991E-03  1.48999093E-05
  7.00000000E-05  1.00000000E-06  5.00000019E-02  5.96763062E-05  5.00990008E-03  5.00989989E-03  1.48998952E-05
  8.00000000E-05  1.00000000E-06  5.00000020E-02  5.96762710E-05  5.00990008E-03  5.00989988E-03  1.48998813E-05
  1.00000000E-04  1.00000000E-06  5.00000022E-02  5.96762042E-05  5.00990010E-03  5.00989986E-03  1.48998543E-05
  2.00000000E-04  1.00000000E-06  5.00000033E-02  5.96759322E-05  5.00990017E-03  5.00989978E-03  1.48997313E-05
  3.00000000E-04  1.00000000E-06  5.00000043E-02  5.96757305E-05  5.00990022E-03  5.00989973E-03  1.48996238E-05
  4.00000000E-04  1.00000000E-06  5.00000052E-02  5.96755701E-05  5.00990025E-03  5.00989970E-03  1.48995274E-05
  5.00000000E-04  1.00000000E-06  5.00000060E-02  5.96754346E-05  5.00990027E-03  5.00989967E-03  1.48994396E-05
  6.00000000E-04  1.00000000E-06  5.00000067E-02  5.96753150E-05  5.00990029E-03  5.00989965E-03  1.48993588E-05
  7.00000000E-04  1.00000000E-06  5.00000074E-02  5.96752065E-05  5.00990031E-03  5.00989964E-03  1.48992838E-05
  8.00000000E-04  1.00000000E-06  5.00000080E-02  5.96751062E-05  5.00990032E-03  5.00989962E-03  1.48992138E-05
  9.00000000E-04  1.00000000E-06  5.00000086E-02  5.96750125E-05  5.00990034E-03  5.00989961E-03  1.48991480E-05
  1.00000000E-03  1.00000000E-06  5.00000091E-02  5.96749242E-05  5.00990035E-03  5.00989959E-03  1.48990861E-05
  2.00000000E-03  4.00000000E-06  5.00000133E-02  5.96742177E-05  5.00990045E-03  5.00989948E-03  1.48986005E-05
  3.00000000E-03  6.00000000E-06  5.00000163E-02  5.96736797E-05  5.00990053E-03  5.00989938E-03  1.48982434E-05
  4.00000000E-03  4.00000000E-06  5.00000189E-02  5.96732274E-05  5.00990061E-03  5.00989929E-03  1.48979480E-05
  5.00000000E-03  4.00000000E-06  5.00000211E-02  5.96728295E-05  5.00990067E-03  5.00989921E-03  1.48976900E-05
  6.00000000E-03  4.00000000E-06  5.00000231E-02  5.96724701E-05  5.00990073E-03  5.00989915E-03  1.48974581E-05
  7.00000000E-03  4.00000000E-06  5.00000249E-02  5.96721398E-05  5.00990078E-03  5.00989908E-03  1.48972456E-05
  8.00000000E-03  8.00000000E-06  5.00000266E-02  5.96718325E-05  5.00990083E-03  5.00989902E-03  1.48970483E-05
  1.00000000E-02  1.60000000E-05  5.00000297E-02  5.96712711E-05  5.00990092E-03  5.00989891E-03  1.48966888E-05
  2.00000000E-02  3.20000000E-05  5.00000418E-02  5.96690700E-05  5.00990129E-03  5.00989848E-03  1.48952846E-05
  3.00000000E-02  1.60000000E-05  5.00000510E-02  5.96673820E-05  5.00990157E-03  5.00989814E-03  1.48942111E-05
  4.00000000E-02  1.60000000E-05  5.00000588E-02  5.96659591E-05  5.00990180E-03  5.00989786E-03  1.48933073E-05
  5.00000000E-02  3.20000000E-05  5.00000657E-02  5.96647056E-05  5.00990201E-03  5.00989761E-03  1.48925117E-05
  6.00000000E-02  1.60000000E-05  5.00000719E-02  5.96635725E-05  5.00990220E-03  5.00989739E-03  1.48917928E-05
  7.00000000E-02  1.60000000E-05  5.00000776E-02  5.96625305E-05  5.00990238E-03  5.00989718E-03  1.48911319E-05
  8.00000000E-02  3.20000000E-05  5.00000829E-02  5.96615607E-05  5.00990254E-03  5.00989699E-03  1.48905170E-05
  9.00000000E-02  1.60000000E-05  5.00000878E-02  5.96606499E-05  5.00990269E-03  5.00989681E-03  1.48899395E-05
  1.00000000E-01  1.60000000E-05  5.00000925E-02  5.96597885E-05  5.00990283E-03  5.00989663E-03  1.48893934E-05
  2.00000000E-01  3.20000000E-05  5.00001305E-02  5.96528364E-05  5.00990400E-03  5.00989525E-03  1.48849883E-05
  3.00000000E-01  6.40000000E-05  5.00001597E-02  5.96475031E-05  5.00990489E-03  5.00989419E-03  1.48816098E-05
  4.00000000E-01  6.40000000E-05  5.00001842E-02  5.96430077E-05  5.00990564E-03  5.00989329E-03  1.48787624E-05
  5.00000000E-01  3.20000000E-05  5.00002058E-02  5.96390479E-05  5.00990630E-03  5.00989250E-03  1.48762543E-05
  6.00000000E-01  6.40000000E-05  5.00002254E-02  5.96354687E-05  5.00990690E-03  5.00989179E-03  1.48739871E-05
  7.00000000E-01  6.40000000E-05  5.00002434E-02  5.96321790E-05  5.00990745E-03  5.00989113E-03  1.48719027E-05
  8.00000000E-01  3.20000000E-05  5.00002601E-02  5.96291202E-05  5.00990796E-03  5.00989052E-03  1.48699631E-05
  9.00000000E-01  6.40000000E-05  5.00002758E-02  5.96262535E-05  5.00990844E-03  5.00988996E-03  1.48681426E-05
  1.00000000E+00  6.40000000E-05  5.00002907E-02  5.96235520E-05  5.00990889E-03  5.00988942E-03  1.48664223E-05
